
local cfr = CFrame.new

return {{tm=0;["Torso"]={cf=cfr(4.315,5.766,1.95,.443,-.895,.043,.834,.429,.345,-.328,-.117,.937);es="Linear";ed="In";};["Left Leg"]={cf=cfr(0,0,0,.763,-.494,-.417,.626,.725,.288,.16,-.48,.862);es="Linear";ed="In";};["Right Leg"]={cf=cfr(.449,.668,.093,.493,.4,-.772,-.424,.886,.188,.759,.235,.607);es="Linear";ed="In";};["Head"]={cf=cfr(0,0,0,.261,.941,-.215,-.955,.219,-.198,-.139,.257,.956);es="Linear";ed="In";};["Left Arm"]={cf=cfr(0,0,0,.584,-.421,.694,.152,.897,.416,-.797,-.138,.588);es="Linear";ed="In";};};{tm=.017;["Torso"]={cf=cfr(4.279,5.718,1.934,.446,-.894,.043,.835,.433,.34,-.323,-.116,.939);es="Linear";ed="In";};};{tm=.033;["Torso"]={cf=cfr(4.172,5.575,1.885,.454,-.89,.045,.836,.443,.325,-.309,-.11,.945);es="Linear";ed="In";};};{tm=.05;["Torso"]={cf=cfr(3.994,5.337,1.805,.468,-.882,.048,.836,.46,.299,-.286,-.1,.953);es="Linear";ed="In";};};{tm=.067;["Torso"]={cf=cfr(3.744,5.003,1.692,.487,-.872,.051,.836,.482,.263,-.254,-.085,.963);es="Linear";ed="In";};};{tm=.083;["Torso"]={cf=cfr(3.424,4.575,1.547,.511,-.858,.054,.833,.51,.215,-.212,-.065,.975);es="Linear";ed="In";};};{tm=.1;["Torso"]={cf=cfr(3.031,4.05,1.37,.541,-.839,.056,.825,.542,.156,-.162,-.038,.986);es="Linear";ed="In";};};{tm=.117;["Torso"]={cf=cfr(2.568,3.431,1.16,.575,-.816,.055,.812,.578,.086,-.102,-.005,.995);es="Linear";ed="In";};["Right Arm"]={cf=cfr(.948,-.054,.213,-.789,-.582,-.195,.17,-.512,.842,-.59,.632,.503);es="Linear";ed="In";};};{tm=.133;["Torso"]={cf=cfr(2.033,2.716,.919,.613,-.788,.051,.789,.614,.005,-.035,.037,.999);es="Linear";ed="In";};["Right Arm"]={cf=cfr(.942,-.07,.216,-.738,-.639,-.215,.177,-.491,.853,-.651,.592,.476);es="Linear";ed="In";};};{tm=.15;["Torso"]={cf=cfr(1.426,1.906,.645,.654,-.755,.041,.755,.649,-.087,.039,.088,.995);es="Linear";ed="In";};["Left Leg"]={cf=cfr(0,0,0,.801,-.599,0,.599,.801,0,0,0,1);es="Linear";ed="In";};["Right Leg"]={cf=cfr(.698,.57,.325,.802,.423,-.422,-.466,.885,0,.374,.197,.906);es="Linear";ed="In";};["Right Arm"]={cf=cfr(.925,-.118,.228,-.56,-.787,-.26,.187,-.425,.886,-.807,.447,.385);es="Linear";ed="In";};["Handle"]={cf=cfr(-.201,-.986,-.007,.965,-.262,-.033,.262,.965,0,.032,-.009,.999);es="Linear";ed="In";};["Left Arm"]={cf=cfr(.213,-.289,.278,.794,-.469,.388,0,.637,.771,-.608,-.612,.506);es="Linear";ed="In";};};{tm=.167;["Torso"]={cf=cfr(.749,1.001,.338,.697,-.717,.025,.707,.681,-.188,.118,.149,.982);es="Linear";ed="In";};["Left Arm"]={cf=cfr(.166,-.321,.299,.806,-.46,.373,-.052,.572,.818,-.59,-.679,.437);es="Linear";ed="In";};["Right Arm"]={cf=cfr(.897,-.198,.246,-.199,-.939,-.282,.164,-.315,.935,-.966,.14,.217);es="Linear";ed="In";};};{tm=.183;["Torso"]={cf=cfr(0,0,0,.74,-.673,0,.642,.707,-.296,.199,.219,.955);es="Linear";ed="In";};["Head"]={cf=cfr(0,0,0,.703,.711,0,-.711,.703,0,0,0,1);es="Linear";ed="In";};["Left Arm"]={cf=cfr(.125,-.35,.319,.816,-.451,.362,-.098,.509,.855,-.569,-.734,.371);es="Linear";ed="In";};["Right Arm"]={cf=cfr(.857,-.311,.272,.339,-.92,-.198,.06,-.189,.98,-.939,-.344,-.009);es="Linear";ed="In";};};{tm=.2;["Torso"]={cf=cfr(-.12,-.116,0,.841,-.541,0,.516,.803,-.296,.16,.249,.955);es="Linear";ed="In";};["Head"]={cf=cfr(0,0,0,.819,.574,0,-.574,.819,0,0,0,1);es="Linear";ed="In";};["Left Arm"]={cf=cfr(.087,-.376,.337,.826,-.441,.352,-.137,.448,.884,-.547,-.778,.309);es="Linear";ed="In";};["Right Arm"]={cf=cfr(.675,-.314,.351,.545,-.806,-.23,.067,-.232,.97,-.835,-.545,-.073);es="Linear";ed="In";};};{tm=.217;["Torso"]={cf=cfr(-.232,-.222,0,.914,-.405,0,.387,.873,-.296,.12,.271,.955);es="Linear";ed="In";};["Head"]={cf=cfr(0,0,0,.903,.43,0,-.43,.903,0,0,0,1);es="Linear";ed="In";};["Left Arm"]={cf=cfr(.054,-.4,.352,.834,-.432,.344,-.17,.391,.905,-.525,-.813,.252);es="Linear";ed="In";};["Right Arm"]={cf=cfr(.514,-.317,.421,.703,-.667,-.246,.081,-.268,.96,-.706,-.695,-.135);es="Linear";ed="In";};};{tm=.233;["Torso"]={cf=cfr(-.334,-.321,0,.962,-.272,0,.26,.919,-.296,.081,.285,.955);es="Linear";ed="In";};["Head"]={cf=cfr(0,0,0,.958,.287,0,-.287,.958,0,0,0,1);es="Linear";ed="In";};["Left Arm"]={cf=cfr(.024,-.42,.366,.841,-.423,.337,-.199,.339,.92,-.503,-.841,.201);es="Linear";ed="In";};["Right Arm"]={cf=cfr(.373,-.319,.482,.817,-.521,-.248,.099,-.296,.95,-.568,-.801,-.19);es="Linear";ed="In";};};{tm=.25;["Torso"]={cf=cfr(-.428,-.411,0,.989,-.145,0,.138,.945,-.296,.043,.293,.955);es="Linear";ed="In";};["Head"]={cf=cfr(0,0,0,.989,.15,0,-.15,.989,0,0,0,1);es="Linear";ed="In";};["Left Arm"]={cf=cfr(-.002,-.438,.379,.847,-.415,.332,-.222,.292,.93,-.483,-.862,.155);es="Linear";ed="In";};["Right Arm"]={cf=cfr(.25,-.321,.535,.893,-.379,-.241,.12,-.317,.941,-.433,-.869,-.238);es="Linear";ed="In";};};{tm=.267;["Torso"]={cf=cfr(-.514,-.493,0,1,-.027,0,.025,.955,-.296,.008,.296,.955);es="Linear";ed="In";};["Head"]={cf=cfr(0,0,0,1,.022,0,-.022,1,0,0,0,1);es="Linear";ed="In";};["Left Arm"]={cf=cfr(-.024,-.454,.389,.852,-.407,.328,-.241,.25,.938,-.464,-.878,.115);es="Linear";ed="In";};["Right Arm"]={cf=cfr(.145,-.323,.581,.941,-.249,-.23,.14,-.332,.933,-.309,-.91,-.278);es="Linear";ed="In";};};{tm=.283;["Torso"]={cf=cfr(-.592,-.568,0,.997,.081,0,-.078,.952,-.296,-.024,.295,.955);es="Linear";ed="In";};["Head"]={cf=cfr(0,0,0,.996,-.095,0,.095,.996,0,0,0,1);es="Linear";ed="In";};["Left Arm"]={cf=cfr(-.043,-.467,.398,.857,-.401,.325,-.257,.214,.942,-.447,-.891,.08);es="Linear";ed="In";};["Right Arm"]={cf=cfr(.055,-.325,.619,.967,-.135,-.215,.158,-.343,.926,-.199,-.93,-.31);es="Linear";ed="In";};};{tm=.3;["Torso"]={cf=cfr(-.663,-.636,0,.984,.178,0,-.17,.94,-.296,-.053,.292,.955);es="Linear";ed="In";};["Head"]={cf=cfr(0,0,0,.98,-.199,0,.199,.98,0,0,0,1);es="Linear";ed="In";};["Left Arm"]={cf=cfr(-.06,-.478,.406,.86,-.395,.322,-.27,.183,.945,-.432,-.9,.051);es="Linear";ed="In";};["Right Arm"]={cf=cfr(-.02,-.326,.652,.979,-.039,-.2,.174,-.35,.921,-.106,-.936,-.335);es="Linear";ed="In";};};{tm=.317;["Torso"]={cf=cfr(-.726,-.697,0,.965,.264,0,-.252,.921,-.296,-.078,.286,.955);es="Linear";ed="In";};["Head"]={cf=cfr(0,0,0,.957,-.291,0,.291,.957,0,0,0,1);es="Linear";ed="In";};["Left Arm"]={cf=cfr(-.073,-.487,.412,.863,-.39,.32,-.28,.157,.947,-.42,-.907,.026);es="Linear";ed="In";};["Right Arm"]={cf=cfr(-.081,-.327,.678,.982,.04,-.186,.188,-.354,.916,-.03,-.934,-.355);es="Linear";ed="In";};};{tm=.333;["Torso"]={cf=cfr(-.783,-.751,0,.941,.339,0,-.323,.899,-.296,-.1,.279,.955);es="Linear";ed="In";};["Head"]={cf=cfr(0,0,0,.929,-.371,0,.371,.929,0,0,0,1);es="Linear";ed="In";};["Left Arm"]={cf=cfr(-.084,-.495,.417,.865,-.386,.319,-.288,.137,.948,-.41,-.912,.007);es="Linear";ed="In";};["Right Arm"]={cf=cfr(-.129,-.328,.699,.979,.102,-.174,.199,-.357,.913,.031,-.929,-.37);es="Linear";ed="In";};};{tm=.35;["Torso"]={cf=cfr(-.833,-.799,0,.915,.403,0,-.385,.874,-.296,-.12,.271,.955);es="Linear";ed="In";};["Left Leg"]={cf=cfr(0,0,0,.695,.719,0,-.719,.695,0,0,0,1);es="Linear";ed="In";};["Right Leg"]={cf=cfr(.821,.733,.264,.802,.423,-.422,-.466,.885,0,.374,.197,.906);es="Linear";ed="In";};["Head"]={cf=cfr(0,0,0,.898,-.44,0,.44,.898,0,0,0,1);es="Linear";ed="In";};["Right Arm"]={cf=cfr(-.166,-.329,.715,.975,.149,-.164,.208,-.358,.91,.077,-.922,-.38);es="Linear";ed="In";};["Handle"]={cf=cfr(.129,.133,-.567,.8,-.23,.554,.105,.963,.248,-.59,-.141,.795);es="Linear";ed="In";};["Left Arm"]={cf=cfr(-.092,-.501,.421,.867,-.383,.318,-.294,.12,.948,-.402,-.916,-.009);es="Linear";ed="In";};};{tm=.367;["Torso"]={cf=cfr(-.877,-.842,0,.889,.458,0,-.437,.849,-.296,-.136,.264,.955);es="Linear";ed="In";};["Head"]={cf=cfr(0,0,0,.867,-.498,0,.498,.867,0,0,0,1);es="Linear";ed="In";};["Left Arm"]={cf=cfr(-.098,-.505,.424,.869,-.381,.317,-.299,.108,.948,-.396,-.918,-.02);es="Linear";ed="In";};["Right Arm"]={cf=cfr(-.193,-.329,.726,.971,.183,-.157,.214,-.359,.908,.11,-.915,-.388);es="Linear";ed="In";};};{tm=.383;["Torso"]={cf=cfr(-.916,-.878,0,.863,.504,0,-.482,.825,-.296,-.15,.256,.955);es="Linear";ed="In";};["Head"]={cf=cfr(0,0,0,.837,-.547,0,.547,.837,0,0,0,1);es="Linear";ed="In";};["Left Arm"]={cf=cfr(-.103,-.508,.426,.869,-.379,.317,-.302,.1,.948,-.391,-.92,-.028);es="Linear";ed="In";};["Right Arm"]={cf=cfr(-.21,-.329,.734,.967,.205,-.152,.219,-.359,.907,.132,-.91,-.392);es="Linear";ed="In";};};{tm=.4;["Torso"]={cf=cfr(-.948,-.91,0,.84,.543,0,-.519,.802,-.296,-.161,.249,.955);es="Linear";ed="In";};["Head"]={cf=cfr(0,0,0,.809,-.587,0,.587,.809,0,0,0,1);es="Linear";ed="In";};["Left Arm"]={cf=cfr(-.105,-.51,.427,.87,-.379,.316,-.303,.095,.948,-.389,-.921,-.032);es="Linear";ed="In";};["Right Arm"]={cf=cfr(-.22,-.33,.738,.965,.217,-.149,.221,-.36,.907,.143,-.908,-.395);es="Linear";ed="In";};};{tm=.417;["Torso"]={cf=cfr(-.976,-.936,0,.818,.575,0,-.549,.781,-.296,-.17,.243,.955);es="Linear";ed="In";};["Head"]={cf=cfr(0,0,0,.784,-.62,0,.62,.784,0,0,0,1);es="Linear";ed="In";};["Left Arm"]={cf=cfr(-.106,-.51,.428,.87,-.378,.316,-.304,.093,.948,-.388,-.921,-.034);es="Linear";ed="In";};["Right Arm"]={cf=cfr(-.222,-.33,.739,.964,.22,-.148,.222,-.36,.906,.147,-.907,-.395);es="Linear";ed="In";};};{tm=.433;["Torso"]={cf=cfr(-.999,-.958,0,.8,.6,0,-.573,.764,-.296,-.178,.237,.955);es="Linear";ed="In";};["Head"]={cf=cfr(0,0,0,.763,-.647,0,.647,.763,0,0,0,1);es="Linear";ed="In";};["Left Arm"]={cf=cfr(-.106,-.51,.427,.87,-.378,.316,-.304,.094,.948,-.388,-.921,-.034);es="Linear";ed="In";};["Right Arm"]={cf=cfr(-.219,-.33,.738,.965,.217,-.149,.221,-.36,.907,.143,-.908,-.395);es="Linear";ed="In";};};{tm=.45;["Torso"]={cf=cfr(-1.017,-.976,0,.784,.621,0,-.593,.749,-.296,-.184,.232,.955);es="Linear";ed="In";};["Head"]={cf=cfr(0,0,0,.745,-.667,0,.667,.745,0,0,0,1);es="Linear";ed="In";};["Left Arm"]={cf=cfr(-.105,-.509,.427,.87,-.379,.316,-.303,.096,.948,-.39,-.92,-.031);es="Linear";ed="In";};["Right Arm"]={cf=cfr(-.212,-.329,.735,.967,.207,-.151,.219,-.359,.907,.133,-.91,-.393);es="Linear";ed="In";};};{tm=.467;["Torso"]={cf=cfr(-1.032,-.99,0,.772,.636,0,-.607,.737,-.296,-.189,.229,.955);es="Linear";ed="In";};["Head"]={cf=cfr(0,0,0,.73,-.683,0,.683,.73,0,0,0,1);es="Linear";ed="In";};["Left Arm"]={cf=cfr(-.102,-.508,.426,.869,-.38,.317,-.301,.101,.948,-.392,-.92,-.027);es="Linear";ed="In";};["Right Arm"]={cf=cfr(-.2,-.329,.73,.969,.193,-.155,.216,-.359,.908,.12,-.913,-.39);es="Linear";ed="In";};};{tm=.483;["Torso"]={cf=cfr(-1.042,-1,0,.763,.647,0,-.618,.728,-.296,-.192,.226,.955);es="Linear";ed="In";};["Head"]={cf=cfr(0,0,0,.72,-.694,0,.694,.72,0,0,0,1);es="Linear";ed="In";};["Left Arm"]={cf=cfr(-.099,-.506,.424,.869,-.381,.317,-.299,.106,.948,-.395,-.919,-.021);es="Linear";ed="In";};["Right Arm"]={cf=cfr(-.187,-.329,.724,.972,.176,-.158,.213,-.359,.909,.103,-.917,-.386);es="Linear";ed="In";};};{tm=.5;["Torso"]={cf=cfr(-1.049,-1.006,0,.756,.654,0,-.625,.722,-.296,-.194,.224,.955);es="Linear";ed="In";};["Head"]={cf=cfr(0,0,0,.712,-.702,0,.702,.712,0,0,0,1);es="Linear";ed="In";};["Left Arm"]={cf=cfr(-.096,-.503,.423,.868,-.382,.317,-.297,.113,.948,-.398,-.917,-.015);es="Linear";ed="In";};["Right Arm"]={cf=cfr(-.173,-.329,.718,.974,.158,-.162,.21,-.358,.91,.085,-.92,-.382);es="Linear";ed="In";};};{tm=.517;["Torso"]={cf=cfr(-1.053,-1.01,0,.753,.658,0,-.629,.719,-.296,-.195,.223,.955);es="Linear";ed="In";};["Head"]={cf=cfr(0,0,0,.708,-.706,0,.706,.708,0,0,0,1);es="Linear";ed="In";};["Left Arm"]={cf=cfr(-.092,-.501,.421,.867,-.383,.318,-.294,.12,.948,-.402,-.916,-.009);es="Linear";ed="In";};["Right Arm"]={cf=cfr(-.158,-.329,.712,.976,.139,-.166,.206,-.358,.911,.067,-.923,-.378);es="Linear";ed="In";};};{tm=.533;["Torso"]={cf=cfr(-1.054,-1.011,0,.752,.659,0,-.63,.718,-.296,-.195,.223,.955);es="Linear";ed="In";};["Head"]={cf=cfr(0,0,0,.707,-.707,0,.707,.707,0,0,0,1);es="Linear";ed="In";};["Left Arm"]={cf=cfr(-.089,-.498,.419,.866,-.385,.318,-.292,.127,.948,-.405,-.914,-.002);es="Linear";ed="In";};["Right Arm"]={cf=cfr(-.145,-.328,.706,.978,.122,-.17,.203,-.357,.912,.051,-.926,-.374);es="Linear";ed="In";};};{tm=.55;["Torso"]={cf=cfr(-1.052,-1.009,0,.753,.658,0,-.628,.719,-.296,-.195,.223,.955);es="Linear";ed="In";};["Head"]={cf=cfr(0,0,0,.709,-.705,0,.705,.709,0,0,0,1);es="Linear";ed="In";};["Left Arm"]={cf=cfr(-.085,-.496,.418,.866,-.386,.319,-.289,.134,.948,-.409,-.913,.005);es="Linear";ed="In";};["Right Arm"]={cf=cfr(-.134,-.328,.701,.979,.109,-.173,.201,-.357,.912,.037,-.928,-.371);es="Linear";ed="In";};};{tm=.567;["Torso"]={cf=cfr(-1.049,-1.006,0,.757,.654,0,-.625,.723,-.296,-.194,.224,.955);es="Linear";ed="In";};["Head"]={cf=cfr(0,0,0,.713,-.702,0,.702,.713,0,0,0,1);es="Linear";ed="In";};["Left Arm"]={cf=cfr(-.082,-.494,.416,.865,-.387,.319,-.287,.14,.948,-.412,-.911,.01);es="Linear";ed="In";};["Right Arm"]={cf=cfr(-.127,-.328,.698,.98,.099,-.175,.199,-.356,.913,.028,-.929,-.369);es="Linear";ed="In";};};{tm=.583;["Torso"]={cf=cfr(-1.043,-1.001,0,.761,.648,0,-.619,.727,-.296,-.192,.226,.955);es="Linear";ed="In";};["Head"]={cf=cfr(0,0,0,.718,-.696,0,.696,.718,0,0,0,1);es="Linear";ed="In";};["Left Arm"]={cf=cfr(-.079,-.492,.415,.865,-.388,.319,-.285,.145,.947,-.414,-.91,.015);es="Linear";ed="In";};["Right Arm"]={cf=cfr(-.124,-.328,.697,.98,.096,-.175,.198,-.356,.913,.025,-.929,-.368);es="Linear";ed="In";};};{tm=.6;["Torso"]={cf=cfr(-1.036,-.994,0,.768,.641,0,-.612,.733,-.296,-.19,.228,.955);es="Linear";ed="In";};["Head"]={cf=cfr(0,0,0,.725,-.688,0,.688,.725,0,0,0,1);es="Linear";ed="In";};["Left Arm"]={cf=cfr(-.078,-.491,.414,.864,-.389,.32,-.284,.148,.947,-.415,-.909,.018);es="Linear";ed="In";};};{tm=.617;["Torso"]={cf=cfr(-1.028,-.986,0,.775,.632,0,-.604,.74,-.296,-.187,.23,.955);es="Linear";ed="In";};["Head"]={cf=cfr(0,0,0,.734,-.68,0,.68,.734,0,0,0,1);es="Linear";ed="In";};["Left Arm"]={cf=cfr(-.077,-.49,.414,.864,-.389,.32,-.283,.149,.947,-.416,-.909,.019);es="Linear";ed="In";};};{tm=.633;["Torso"]={cf=cfr(-1.019,-.978,0,.782,.623,0,-.595,.747,-.296,-.185,.232,.955);es="Linear";ed="In";};["Head"]={cf=cfr(0,0,0,.743,-.67,0,.67,.743,0,0,0,1);es="Linear";ed="In";};};{tm=.65;["Torso"]={cf=cfr(-1.01,-.969,0,.79,.613,0,-.585,.755,-.296,-.182,.234,.955);es="Linear";ed="In";};["Head"]={cf=cfr(0,0,0,.752,-.659,0,.659,.752,0,0,0,1);es="Linear";ed="In";};};{tm=.667;["Torso"]={cf=cfr(-1.001,-.96,0,.798,.602,0,-.575,.762,-.296,-.179,.237,.955);es="Linear";ed="In";};["Head"]={cf=cfr(0,0,0,.761,-.649,0,.649,.761,0,0,0,1);es="Linear";ed="In";};};{tm=.683;["Torso"]={cf=cfr(-.991,-.951,0,.806,.592,0,-.565,.77,-.296,-.175,.239,.955);es="Linear";ed="In";};["Head"]={cf=cfr(0,0,0,.77,-.638,0,.638,.77,0,0,0,1);es="Linear";ed="In";};};{tm=.7;["Torso"]={cf=cfr(-.982,-.943,0,.813,.582,0,-.556,.777,-.296,-.173,.241,.955);es="Linear";ed="In";};["Head"]={cf=cfr(0,0,0,.778,-.628,0,.628,.778,0,0,0,1);es="Linear";ed="In";};};{tm=.717;["Torso"]={cf=cfr(-.975,-.935,0,.819,.573,0,-.547,.783,-.296,-.17,.243,.955);es="Linear";ed="In";};["Head"]={cf=cfr(0,0,0,.786,-.618,0,.618,.786,0,0,0,1);es="Linear";ed="In";};};{tm=.733;["Torso"]={cf=cfr(-.968,-.928,0,.825,.565,0,-.54,.788,-.296,-.168,.245,.955);es="Linear";ed="In";};["Head"]={cf=cfr(0,0,0,.792,-.611,0,.611,.792,0,0,0,1);es="Linear";ed="In";};};{tm=.75;["Torso"]={cf=cfr(-.963,-.923,0,.829,.559,0,-.534,.792,-.296,-.166,.246,.955);es="Linear";ed="In";};["Head"]={cf=cfr(0,0,0,.797,-.604,0,.604,.797,0,0,0,1);es="Linear";ed="In";};};{tm=.767;["Torso"]={cf=cfr(-.959,-.92,0,.831,.556,0,-.531,.794,-.296,-.165,.247,.955);es="Linear";ed="In";};["Head"]={cf=cfr(0,0,0,.8,-.6,0,.6,.8,0,0,0,1);es="Linear";ed="In";};};{tm=.783;["Torso"]={cf=cfr(-.958,-.919,0,.832,.554,0,-.529,.795,-.296,-.164,.247,.955);es="Linear";ed="In";};["Left Leg"]={cf=cfr(0,0,0,.695,.719,0,-.719,.695,0,0,0,1);es="Linear";ed="In";};["Right Leg"]={cf=cfr(.821,.733,.264,.802,.423,-.422,-.466,.885,0,.374,.197,.906);es="Linear";ed="In";};["Head"]={cf=cfr(0,0,0,.801,-.599,0,.599,.801,0,0,0,1);es="Linear";ed="In";};["Right Arm"]={cf=cfr(-.124,-.328,.697,.98,.096,-.175,.198,-.356,.913,.025,-.929,-.368);es="Linear";ed="In";};["Handle"]={cf=cfr(.129,.133,-.567,.8,-.23,.554,.105,.963,.248,-.59,-.141,.795);es="Linear";ed="In";};["Left Arm"]={cf=cfr(-.077,-.49,.414,.864,-.389,.32,-.283,.149,.947,-.416,-.909,.019);es="Linear";ed="In";};};}
